9780131103627
9780201616224
9780201633610
9780262510875
9780201485677
9780201485417
9780201835953
9780735619678
9780132350884
9780201700732
9780596517748
9780201100884
9780130313584
9780137903955
9780262011532
9780139376818
9780596514983
9780262560993
9780596007126
9780131177055
9780262062183
9780201615869
9780974514055
9780596002817
9780134900124
9780321503626
9780321146533
9780974514048
9780133708752
9780596000271
9780321334879
9780262033848
9780976694007
9780131495050
9780135974445
9780596101053
9780201433074
9780534950972
9781590593899
9780205313426
9781934356371
9780136291558
9780201889543
9780201342758
9780596529864
9780672328794
9780672326721
9780672323492
9780201703535
9780130810816
9780961392147
9780767907699
9780137081073
9780978739218
9780471578147
9781934356852
9780557030798
9780764543654
9781848000698
9781934356586
9780262062794
9780672327933
9780133262247
9780201379235
9780955683619
9780321437389
9781934356296
9780201741575
9781430322641
9780321278654
9780977616640
9781591840565
9780884271789
9780262111898
9780976458708
9780596809485
9781617290084
9780321213358
9780201733860
9780557043552
9780596009205
9780131774292
