9780471121206
9781118007303
9780321696724
9781423201892
9780321693457
9781579128951
9780321651785
9780615386607
9780060936778
9780756613853
9780486656229
9780073402680
9780596514921
9780073402659
9780136006176
9780753464137
9781579129712
9781118164907
9781601631633
9780471620853
9780077274313
9781133611097
9780321910417
9780321741059
9781568221878
9780321809247
9781572226951
9781118010402
9780132512107
9781886978041
9781569767061
9781423218593
9780077354763
9780321704955
9781118549322
9780547125329
9780393934311
9780753460856
9780321687937
9780321908445
9780804125123
9780073402734
9780470618363
9780618221561
9780321750891
9781615641260
9781438003702
9781438002712
9780804125680
9780738611549
9780131096868
9780073221038
9781572225541
9781285051376
9781609785994
9781603761987
9780618528448
9780934426992
9781133610663
9780495391630
9781439049402
9780802798220
9780764147197
9780071810821
9781423216377
9780812031638
9781118144343
9780321809285
9780470905432
9780804124751
9780470251522
9780132525763
9781449529482
9781118513279
9780071755009
9781580375221
9780471757399
9780471756149
9781111427108
9780030735462
9780876282625
9781118452288
9780840048288
9780073511160
9780078664182
9780321727268
9780077354718
9780764569029
9781891389603
9780321768414
9781438000299
9780078964053
9780073511177
9780131152625
9780071838511
9780321804716
9780321705006
9781579511906
9780130543837
9780970804211
9780321750839
9780321750907
9780072424584
9780073375663
9780136019701
9780131000650
9780393919370
9780321813640
9781118940044
9780393912340
9781613744529
9780077216504
9780840049315
9780878915095
9780321725998
9781490983226
9780136054504
9780030391071
9780132529181
9781285188492
9780984384853
9780970804204
9780077340216
9780470587119
9780073402772
9780321864406
9780321750877
9780321704580
9780440335955
9780321667540
9780321667540
9780321705488
9780544236042
9781439047910
9780756626662
9780199687770
9781133611103
9780071475297
9781439129067
9781118828076
9780073402758
9781893858220
9781580625579
9781616149154
9780471134473
9780802727985
9781608822256
9780802722904
9781893858190
9780321592316
9780321592316
9780898986969
9780064460026
9780802778994
9780471478119
9781572225893
9780738205946
9780061824739
9781572225428
9781500182687
9780470251515
9780307945563
9781591665403
9781438074191
9780073511184
9780077386542
9781618656551
9780071811347
9780310232919
9781466484290
9781466484290
9780321705020
9780892812264
9780321949912
9780205081363
9780131903623
9780470178157
9780970804228
9781935495987
9781438072425
9780136054535
9780132064521
9780077296650
9781559539418
9781429219563
9780321826596
9780618857487
9780471223306
9781119041306
9781460942765
9780077479824
9780321571632
9780826110435
9780470577714
9780375427947
9781482208672
9780979226823
9780321803221
9780486691862
9780321803221
9780486691862
9781118647950
9780840054449
9780077354725
9781285199047
9780826110435
9781481008853
9780321910295
9781885653246
9781572246232
9780618528509
9780764554308
9780547168173
9780470926611
9780321910295
9781930882744
9780486676289
9780471738084
9780321558237
9780486648712
9780131903593
9780978534400
9781408514962
9780767917025
9781932012279
9780840065322
9780658002779
9781609133450
9780076656103
9780136054542
9780813810270
9780534420123
9781118640043
9780435994464
9780935702439
9781451118698
9780199204632
9780198392125
9780547168562
9781634631082
9780486661445
9780914171393
9781118133576
9780470129296
9781411470248
9780078245220
9780132525886
9780495126713
9780495126713
9780131937192
9780131464896
9781565858619
9781940110059
9780077457471
9780321773890
9780199270293
9781429231367
9781891389313
9780547168722
9780375427930
9780988336407
9780935702996
9780321663139
9780136018797
9780764175039
9781932012262
9780738611167
9781118133552
9781118133552
9780198390022
9781936114597
9780077354770
9781133103943
9780071783118
9780201321425
9781938946226
9781935879817
9780198503460
9781107622708
9781860943713
9780133146882
9780073221045
9780981519432
9783527334155
9780071774055
9781429218122
9780073522975
9780486453347
9780131993235
9780073656014
9780073402673
9780077468415
9780781779296
9780316051637
9780133612011
9780387683461
9780470389768
9780971466203
9780470938454
9789401086936
9780486673554
9780618562756
9780387683546
9780136436690
9781500158682
9780071811118
9780131478718
9780131478718
9781579129545
9781423204183
9780375764899
9780321949257
9780738611037
9781118217948
9780307944887
9781118674970
9780471215042
9781449418366
9781408516683
9781936114245
9781618652478
9780071768757
9780136002840
9781455741656
9780070417151
9780030565373
9784902897357
9784902897326
9780077386573
9780470903247
9781849733243
9780070237957
9780073293974
9780470120941
9781592577538
9781891389504
9780199683987
9780471684961
9780131755536
9780135041598
9781429219525
9780785440451
9781608310166
9781133949640
9780131903630
9780130669971
9780073048598
9780073048598
9780534997663
9781482764321
9780393912869
9781118147900
9781893858657
9780486420035
9780840054456
9780764141287
9780890512951
9781591027713
9780471272359
9781411401198
9780199697397
9781464120275
9781891389368
9780805395716
9780060429959
9780618562763
9780273742753
9780321934833
9780781768795
9780078245367
9780199662883
9780130103109
9780195321340
9780073402697
9780073327495
9781429231282
9780072318210
9780072318210
9780077274313
9780393124170
9781285185972
9781118516461
9780131464797
9780538733328
9780072480665
9780132175081
9781411469945
9781857092820
9781891389528
9781893858640
9780073226743
9781588744319
9781429218146
9780201103861
9780495391449
9781466571839
9780470647905
9780133200393
9780881925746
9780134347769
9781456511364
9780495387039
9781423202615
9781118379028
9780199151424
9781564590190
9780746008300
9780131721715
9781891389702
9781107638457
9780123820303
9781285052618
9781934451304
9780495558286
9781893858473
9781936114603
9780618000722
9780131402089
9781572224513
9780307476081
9780973950663
9780077774646
9780077332303
9780321676825
9781429247580
9780077274320
9781936114610
9781111577346
9780393922936
9780198506980
9780805331172
9780974914909
9780815344308
9780976509721
9781119942948
9780435994402
9781484909652
9780070564244
9781133611516
9781133611509
9781111426989
9781429680202
9781425930363
9780841235700
9780470135006
9780321663108
9781411470682
9781107614994
9781107615038
9781439860977
9780133684797
9780077340179
9780199689095
9780030355233
9780321809261
9781466575325
9780854042661
9781865082554
9780970027948
9780785440468
9780076619986
9780976509707
9780321663016
9780495112686
9781500158590
9780764146947
9780470129234
9781478623083
9780130354716
9780764563775
9780073311845
9780801068270
9781581125665
9780321774125
9780071767972
9780393935004
9780073402741
9780321663054
9780495112587
9780849392726
9781133611998
9780470171103
9781581976939
9780804125055
9780470638040
9780764144677
9780618974122
9780470462591
9780618807482
9780721638652
9780534493660
9781411470057
9780321811059
9780321834683
9780471027713
