9780060014018
9780743296281
9780451224958
9781481934060
9780471283683
9780691140896
9780792236955
9780143126027
9780142001615
9780060760182
9780802715524
9780756676094
9780807000403
9781483981123
9781594633027
9780393059755
9780300143324
9780060787295
9780060760175
9781594205293
9780670024568
9780670025558
9781439149959
9780761177456
9781451673289
9780812974492
9781400031702
9781493676125
9780151015153
9781465414182
9780060838652
9781426208904
9780300134513
9780143122029
9780307463982
9780345384560
9780756686819
9780670022700
9780486461700
9780140433937
9780465003389
9780385738101
9780553380163
9780805096682
9780807749913
9780393239140
9780465056972
9781602069602
9780307957047
9780393330328
9780143125976
9781605986395
9780740760549
9780385354042
9780198718659
9780143125471
9781470179878
9781780768328
9780385535373
9780804125161
9780375414145
9780393059748
9780804100038
9780802126146
9781595231109
9781449421571
9781481421737
9780307700230
9780691149394
9781595231154
9780226202471
9780800794057
9781556524554
9781465422897
9781628736922
9780756675486
9781476783895
9781400031146
9781496183873
9780345535283
9780061842672
9780061143816
9781933339009
9780060528379
9780062236784
9780679735663
9781451613520
9780374534608
9780553385465
9780393059762
9780375812569
9781492603023
9780753471722
9780670024896
9781400075270
9780753471395
9781465419385
9780199936762
9780393240207
9780195399707
9781452128276
9780307476418
9780743226721
9781617207686
9780753463888
9780814742969
9780767919418
9781107673922
9780847835300
9781250053107
9781503210028
9781482772210
9780062238863
9781590201626
9781909979222
9781476759654
9780199390717
9780374382520
9780465018369
9780415477260
9781554077984
9781402298851
9780199535668
9781463684129
9780292759299
9780195159318
9780143038320
9780807754030
9781400044092
9781621572626
9781621572107
9781616149239
9780393351552
9781554537754
9781250043689
9780805094206
9780143116691
9781609805920
9780812978704
9781606064290
9780871404541
9781565125933
9780061988356
9780061960536
9781770461628
9781400069521
9781594486005
9780312600655
9780691151724
9781599951508
9781465424563
9780763612955
9780756665401
9780310515371
9780553103748
9780807755303
9780195078220
9780870206368
9780802719911
9780300205176
9780789189042
9781782002772
9780061928239
9780199746538
9780805086843
9780985323042
9781631400896
9780486656328
9780061228605
9780316544962
9781438002729
9780804125185
9781438002699
9781620406472
9781250003638
9780486255934
9781770853164
9780956507204
9780375711978
9780393349801
9780393328622
9781742231013
9780712668323
9780385536950
9781137279682
9780771013546
9780226174280
9780912517063
9781609137625
9780486261423
9780300187373
9781416576174
9780393322804
9780674368101
9781618655868
9780759122673
9780977859702
9780192126092
9780300209372
9781438000169
9780688177768
9780531138984
9780062336606
9781608933099
9780990723202
9781558615670
9780190225384
9781595231048
9781433212574
9780671201586
9780764162640
9780671244095
9781416576136
9780316295048
9780073385617
9781473822948
9780143117407
9781565844681
9780226203935
9780195071405
9780393244076
9780199561445
9780375811227
9781848327535
9781454912538
9781937994457
9780764162633
9781563675447
9780142000984
9780415897082
9780956508454
9780521543231
9781250054609
9780761136842
9780140286014
9781429639101
9781419713996
9781608871858
9781585745166
9780934026352
9781465433848
9781556523557
9781613745441
9780553053401
9780306809422
9780062316097
9780393317558
9780071813204
9781583228692
9781426204203
9780802142641
9781780233567
9780764165658
9780062130327
9780738606613
9781445618500
9780192801340
9781595584779
9780062242723
9780199325153
9780801039300
9780807043110
9780060930349
9780060915339
9780679445517
9781591030973
9780825163371
9781429648660
9781574882162
9781887456005
9780985323035
9780385389570
9781476782621
9780140440393
9781476728773
9781465422293
9781250040497
9781586488130
9780615968834
9780143116172
9780345466457
9780425255735
9781250037558
9781783293254
9781616088477
9780399165573
9780345476098
9780756619022
9781897597903
9780881792102
9780810981164
9780060760083
9780062730985
9781565843431
9781107432437
9781588344823
9781401676315
9780195315882
9780226171999
9781118301272
9781465428431
9780553256697
9780143036494
9780394751221
9780753826638
9781586176648
9780071544795
9780307262837
9781451684575
9780738608136
9781481420525
9781250053572
9781580052245
9781848327665
9781463704971
9780198717256
9780822351887
9780393084405
9781416591061
9780740768729
9781451173222
9780804125147
9780756698355
9780756667528
9782080201645
9781502514080
9780316222723
9780226092812
9780802122520
9780609809648
9780691147451
9780307389008
9780767915472
9780394741550
9780140449082
9780811856003
9780226452388
9780465011117
9781933339092
9781479846320
9781426313820
9781438002774
9781438003115
9780071839167
9780143037750
9780060097950
9780195327151
9781416547877
9780140265477
9781400034093
9780785829676
9780674058149
9781466430396
9781612002163
9781429634571
9780817318482
9780810994423
9780375701047
9780756671679
9781469617633
9781601630865
9781608874101
9780195315813
9781429679978
9780738606965
9781610394598
9780812971422
9781500887926
9780062200112
9780761536437
9781613749098
9780486780047
9780756671853
9780199283279
9780521731645
9781445643717
9781627001823
9780195327168
9780195327175
9780195140491
9780517447369
9780199832460
9780895260475
9780470168738
9780822357254
9780894860652
9780688119126
9780763645151
9780465019205
9780385265201
9781491586488
9780062241399
9780060936426
9781400096237
9788493746469
9780753468753
9781583710524
9780143038276
9780399165542
9780615922447
9780684815039
9780393339741
9780983176626
9781620657225
9780786838196
9781570627408
9780140298512
9780743284554
9780785817536
9781429639125
9780781780582
9780804125741
9780871406880
9781629144849
9780762787012
9780143121909
9781426213915
9781770853195
9780448433721
9781419710971
9781598693232
9781594482960
9780385495585
9780316022361
9780195392432
9781608194025
9780307743756
9780060974688
9780679730545
9781590200797
9780857381606
9780545680240
9780547547985
9780470525487
9780679730828
9780812966183
9780807835258
9781494417277
9781250036087
9781447236825
9780804125727
9781608463886
9780691159362
9780671792763
9781452129242
9781618652645
9781849043977
9781402298868
9781405160711
9780140441703
9780822330424
9781421402673
9780195327182
9780316229975
9781250035509
9780195325416
9780857851789
9781421415338
9781429611824
9780060760045
9780764146916
9780805087444
9780753469248
9780785827382
9780060926434
9781571456977
9781465416056
9781844573905
9780312610418
9780890515051
9781402791499
9781445620893
9780195168938
9781476791661
9780316010702
9781770852693
9780230365353
9780870703812
9780679721970
9780571224647
9780226777108
9780802806512
9780192853523
9780691154633
9780743222259
9780199252985
9780307338624
9780393321838
9780385386357
9780618083572
9780385467971
9780916489182
9780452281806
9780385482493
