9780486248233
9780140147391
9780805072549
9780691118802
9780985323042
9781444191004
9781554077199
9780393040029
9780307338402
9780486270784
9780486284248
9780486469249
9780486409160
9781495291463
9780486404530
9781402788291
9781454913221
9781594205224
9780192853615
9780233003856
9780132612265
9780486492797
9780486678702
9780321645531
9780521719780
9781616140915
9780486658124
9780321759665
9780486204734
9780195105193
9780465032402
9780743422994
9780321599193
9780486633176
9780691164175
9781107005211
9780486281520
9780470525487
9780231116398
9780201558029
9780321942043
9780671628185
9780321652799
9780840068071
9780802778994
9780387967875
9780544105850
9780073383095
9780486663524
9780486241043
9781402793226
9781592441303
9780321649409
9781770855007
9780393310719
9780486492377
9780486409177
9780716724261
9780874477726
9781576859773
9780465037711
9780486497167
9781884550737
9780486499987
9780325052878
9781107610217
9781435488540
9780307599803
9781565770393
9780957389458
9781444191035
9780471134473
9780132824828
9781118004616
9780486651910
9781879537880
9780486453088
9780486284620
9780486694153
9780321614001
9780873536776
9780486646664
9780486667218
9781608198696
9781886070257
9788179924075
9780716750475
9780132824873
9780399165245
9781940484211
9781500614195
9780738610467
9781587170669
9781882144105
9780465085989
9780615653631
9780486663418
9780486248646
9780071633055
9781111542009
9781435458864
9781412968126
9781500551971
9780825171482
9780486635187
9780486661582
9780071756051
9781425805340
9781567655803
9780802714091
9780486682525
9780030295584
9780470424766
9780325044347
9780375429729
9781111642600
9781412953061
9780761469896
9780807753132
9780816051243
9781326017965
9781936763467
9781501040566
9780486663289
9780486277097
9780205573523
9780132824866
9780205408436
9780486637600
9780486658407
9780393957334
9780557592142
9781603860499
9781583243220
9781501040559
9781439835487
9780691151649
9780325001371
9780977985258
9781503019706
9780692328248
9780691157559
9780805829099
9780393020236
9780486650388
9780937422380
9781591024774
9780486660974
9780471530121
9780825171499
9780857290816
9780941355766
9780691154589
9780076045846
9780262019354
9780205483921
9780534359454
9780325030531
9780076045693
9780825171475
9780328075577
9780486425658
9789810185008
9781608198702
9780321825735
9780071635400
9780691159171
9780486606248
9780076045556
9780076575190
9781879998223
9780078692512
9780325026565
9780321448040
9780974560748
9781118750292
9781614275572
9780691154237
9780807755419
9780495391326
9780761470182
9780415873840
9780262680370
9780195030853
9781461472759
9789812809988
9780131339965
9780306450365
9780073229720
9780979757624
9780070542358
9781461481447
9781111427634
9780486612263
9781118085554
9780316117418
9780486691480
9780486414485
9780486406831
9789812855329
9781256737230
9780691025100
9780078652653
9781888009194
9781437701791
9780321567970
9780486478555
9780486247755
9780486453101
9780471317517
9780486203355
9780132085151
9780205408443
9780321568038
9780076045822
9780486243429
9781565770423
9781416602309
9780465064953
9781594607295
9781441960528
9780133347777
9780452285255
9781441189240
9780486417400
9780691148922
9780486445182
9780071787260
9789810185084
9780802778130
9780761470175
9780486780641
9780128010006
9780486652276
9780521719162
9780831134709
9780807755891
9780133007008
9780321825728
9780395480984
9789810185046
9780486439457
9780076052608
9781882269075
9781439046968
9780321614018
9780133214314
9780471690986
9780486490335
9784871877091
9789810184964
9789810185121
9780076045679
9789810185022
9780030923166
9780486661650
9780692240076
9780883856468
9780840049421
9789810184971
9780070379909
9781502517395
9780486691930
9780076045372
9780123748829
9781499298536
9780486669137
9780470458365
9780486469133
9780486609713
9780486434803
9780486638331
9780076045686
9780471543978
9781412953337
9780486646862
9780486692197
9780192893062
9780765260543
9780071615860
9780030385124
9780321645548
9780321878052
9780486474397
9780486603490
9780471154969
9780131254503
9789810184940
9781936765478
9780486442501
9780070380318
9780077353506
9780486671642
9780030385070
9780739828359
9780486469317
9780933174658
9781607873747
9780262514293
9780809222322
9780521797078
9780738609621
9781107044074
9789810185060
9780135109786
9789810184995
9789810185138
9780321501073
9781607873396
9780486466286
9781887840866
9780618415380
9780486656762
9781256737216
9780486605999
9780761470151
9780393314045
9780415520492
9780873534802
9780486656205
9780198701811
9780615828053
9780078298066
9780486402512
9781441999818
9781256736899
9781584502777
9781876543112
9780807750889
9781477600160
9780765260567
9781477446935
9780198390121
9780767915380
9781107620261
9780942961553
9780761469759
9780131593183
9780076052745
9780321748997
9780761469797
9789810185091
9781936765973
9781560302483
9780486453057
9781502474315
9781461490951
9780190201395
9781470164287
9781607199076
9789810184988
9781612691985
9780076052752
9780486406800
9780077044701
9780873536998
9781479186723
9781932906172
9780071407069
9780785429456
9780321639318
9780076045549
9781612691992
9789810185039
9789810185053
9780076046034
9789812855336
9781936764006
9780470136294
9780821536018
9788120801646
9780328116874
9781449691721
9780486789750
9781887840606
9780486243153
9780743933179
9781596670938
9781447162896
9780691127965
9781439801635
9780156006569
9780385265843
9780023707209
9780131807600
9780393063615
9780486783253
9780873536738
9780262650090
9780471488859
9789810185169
9781449604424
9781935543558
9780130625670
9780883856154
9780486689227
9780328075607
9780486665214
9780761469766
9780486450520
9780883858264
9780321756664
9780198306894
9780077281137
9781936763481
9781493912766
9780486780160
9781118001806
9780691150727
9780538497978
9781400079100
9780486649405
9781483368467
9780132898355
9783319098098
9780982477540
9780387962177
9780739866986
9780071407076
9780021355686
9780495562023
9781421413808
9780201726343
9781502980045
9781435441101
9780486613482
9781934026823
9780765260581
9781887840873
9780486278872
9780486428864
9780132946971
9781428336568
9780761469827
9780078778506
9780133116533
9780078652530
9780072899054
9780764141393
9780547647173
9780545200660
9780312185480
9781107672154
9780199661312
9781412980555
9780873536226
9783540761976
9789812855305
9780321458209
9780021001286
9780199679591
9781879097049
9780486648286
9780486434810
9780547575186
9781470194086
9781107632899
9780321645821
9781259011481
9781557668660
9780521497893
9780521720557
9781598571196
9780890514122
9781470164300
9780071611596
9780133274448
9780071549486
9780761469957
9780974157313
9789810185077
9780965730013
9780321570550
9780030923197
9780309069953
9780521559133
9781583241547
9781502464392
9780761469773
9780078778483
9781500171933
9781502474339
9780486659435
9780938959465
9780486432441
9780470135372
9781887840804
9781607873907
9780321914620
9780486272894
